1029  -265.7259999999078 -522.7599999997765 7.4220000000000255
1032  -546.1609999999637 -1027.0240000002086 12.317000000000007
1041  36.51100000005681 -1018.0789999999106 12.743999999999915
1089  -553.5019999999786 -27.98699999973178 3.0399999999999636
1083  322.65500000002794 -509.50300000049174 3.0179999999998017
1066  -837.1829999999609 -529.4869999997318 11.321999999999889
1074  -1124.6539999999804 -1035.1069999998435 16.896999999999935
1081  610.4280000000726 -1014.2429999997839 13.176999999999907
1046  601.1300000000047 -15.268000000156462 -4.9930000000001655
1037  -1130.966999999946 -35.40500000026077 7.33199999999988
1078  -254.31599999999162 -1524.140000000596 21.90300000000002
1093  -274.66599999996834 474.38200000021607 -9.6550000000002
1082  893.6130000000121 -510.25 4.148999999999887
1077  -1416.546999999904 -538.3780000004917 16.886999999999944
1035  -829.1159999999218 -1529.2700000004843 25.437999999999874
1020  326.954000000027 -1517.6630000006407 22.73199999999997
1058  303.85700000007637 484.1839999994263 -13.701999999999998
1051  -846.3469999999506 469.7309999996796 -0.42000000000007276
1019  -1407.1329999999143 -1539.7599999997765 26.173999999999978
1047  902.3300000000745 -1511.7420000005513 22.77800000000002
1092  882.9679999999935 492.03000000026077 -13.50500000000011
1052  -1426.0669999999227 463.3509999997914 4.02800000000002
1014  -535.5949999999721 -2028.7960000000894 31.83199999999988
1073  43.46200000005774 -2020.589999999851 33.28699999999981
1065  9.980000000097789 977.8420000001788 -17.333000000000084
1054  -566.2379999998957 972.4619999993593 -12.679000000000087
1042  -1704.5509999999776 -1035.6850000005215 25.024999999999864
1012  1187.7300000000978 -1009.5490000005811 13.315999999999804
1013  1176.4970000000903 -9.339000000618398 -5.1870000000001255
1072  -1709.2649999998976 -41.963000000454485 12.968999999999824
1059  -1112.48199999996 -2032.847000000067 34.240999999999985
1085  621.969000000041 -2012.4780000001192 32.924999999999955
1038  587.9189999999944 986.3269999995828 -21.625
1075  -1142.496999999974 964.9469999996945 -8.175000000000182
1076  1468.0730000000913 -507.16300000064075 3.2829999999999018
1049  -1996.8339999999152 -541.8650000002235 18.04599999999982
1091  -246.36899999994785 -2523.9150000000373 43.27099999999996
1023  -280.17499999993015 1467.9160000002012 -22.894999999999982
1034  -1981.0089999999618 -1543.6840000003576 33.860999999999876
1011  1482.265000000014 -1506.3670000005513 23.125
1084  1459.8250000000698 496.6019999999553 -14.298999999999978
109  -2003.2029999999795 444.6119999997318 7.573999999999842
1033  -2278.216999999946 -1045.5389999998733 28.79099999999994
1088  1758.7939999999944 -999.6450000004843 12.442000000000007
1045  1747.905000000028 -4.175999999977648 -6.207000000000107
1030  -2290.121999999974 -46.83700000029057 15.444999999999936
1022  -827.0079999999143 -2537.640000000596 44.363999999999805
1094  337.16800000006333 -2515.0159999998286 43.99499999999989
1016  293.40500000002794 1481.4179999995977 -25.105000000000018
1043  -861.0229999999283 1471.8429999994114 -16.263000000000147
1071  -1689.5379999999423 -2041.140000000596 37.850999999999885
1024  1197.4450000000652 -2007.847000000067 33.25
1090  1163.9750000000931 993.3199999993667 -21.30100000000016
1048  -1723.2639999999665 960.2060000002384 -0.32100000000014006
103   -2853.4879999998957 -1054.7319999998435 29.635999999999967
1055  -2867.2759999999544 -48.20200000051409 17.983999999999924
1017  -1976.0909999998985 -2535.911000000313 47.679999999999836
1040  -2018.9719999999506 1455.8789999997243 -7.989000000000033
1044  -2848.1089999999385 -2051.242999999784 46.80899999999997
1010  -2880.2099999999627 948.9840000001714 6.374000000000024
1039  -3728.219999999972 -562.6919999998063 30.278999999999996
1018  -3703.383999999962 -1562.2939999997616 45.29399999999987
1056  -3738.671999999904 437.0019999993965 14.134999999999991
1086  -4585.4529999999795 -1072.5870000002906 39.159999999999854
1057  -4597.081999999937 -74.8410000000149 28.260999999999967
1 -2210.8649999999907 3893.4109999993816 -35.23500000000013
10 -2219.319999999949 2354.4699999997392 -20.89800000000014
11 -1768.5249999999069 2166.313000000082 -18.263000000000147
12 -1294.0879999999888 2372.80999999959 -23.447000000000116
13 -2635.372999999905 3627.0029999995604 -27.91800000000012
14 -2759.8919999999925 4205.617999999784 -28.29600000000005
2 -1756.4269999999087 3621.1990000000224 -38.417000000000144
3 -1256.4749999999767 3809.081999999471 -44.66300000000001
4 -912.3629999998957 3629.1129999998957 -46.555000000000064
5 -2651.3659999999218 3128.717000000179 -23.461000000000013
6 -1777.387999999919 3216.9490000000224 -29.411000000000058
7 -935.6019999999553 3067.069000000134 -35.317999999999984
8 -2190.6699999999255 2873.0719999996945 -26.58400000000006
9 -1367.2069999999367 2865.143999999389 -30.66500000000019

